-----------2020-11-05  16:12:46----------
-----------误差平方和最小进行优化----------
权重为:[0.7061 0.2104 0.0835]
最优值为:262125211.6472
误差信息矩阵为:
[[ 1.57102098e+09 -2.93339520e+09 -2.75534617e+09]
 [-2.93339520e+09  1.14028925e+10 -7.83250871e+08]
 [-2.75534617e+09 -7.83250871e+08  2.84102309e+10]]
权重矩阵为:
        a1      a2      a3
0   0.7061  0.2104  0.0835
1   0.0835  0.7061  0.2104
2   0.0835  0.7061  0.2104
3   0.2104  0.0835  0.7061
4   0.2104  0.7061  0.0835
5   0.2104  0.7061  0.0835
6   0.2104  0.7061  0.0835
7   0.2104  0.7061  0.0835
8   0.2104  0.7061  0.0835
9   0.2104  0.7061  0.0835
10  0.2104  0.7061  0.0835
11  0.0835  0.7061  0.2104
12  0.0835  0.7061  0.2104
13  0.0835  0.7061  0.2104
14  0.0835  0.7061  0.2104
15  0.0835  0.2104  0.7061
16  0.7061  0.0835  0.2104
17  0.7061  0.2104  0.0835
18  0.2104  0.7061  0.0835
19  0.2104  0.7061  0.0835
20  0.2104  0.7061  0.0835
21  0.7061  0.0835  0.2104
22  0.2104  0.0835  0.7061
-----------2020-11-05  16:12:46----------
-----------绝对误差和最小进行优化----------
权重为:[0.6707 0.2294 0.0999]
最优值为:61032.7147
误差信息矩阵为:
[[ 1.57102098e+09 -2.93339520e+09 -2.75534617e+09]
 [-2.93339520e+09  1.14028925e+10 -7.83250871e+08]
 [-2.75534617e+09 -7.83250871e+08  2.84102309e+10]]
权重矩阵为:
        a1      a2      a3
0   0.6707  0.2294  0.0999
1   0.0999  0.6707  0.2294
2   0.0999  0.6707  0.2294
3   0.2294  0.0999  0.6707
4   0.2294  0.6707  0.0999
5   0.2294  0.6707  0.0999
6   0.2294  0.6707  0.0999
7   0.2294  0.6707  0.0999
8   0.2294  0.6707  0.0999
9   0.2294  0.6707  0.0999
10  0.2294  0.6707  0.0999
11  0.0999  0.6707  0.2294
12  0.0999  0.6707  0.2294
13  0.0999  0.6707  0.2294
14  0.0999  0.6707  0.2294
15  0.0999  0.2294  0.6707
16  0.6707  0.0999  0.2294
17  0.6707  0.2294  0.0999
18  0.2294  0.6707  0.0999
19  0.2294  0.6707  0.0999
20  0.2294  0.6707  0.0999
21  0.6707  0.0999  0.2294
22  0.2294  0.0999  0.6707
-----------2020-11-05  16:12:47----------
-----------最大偏差最小进行优化----------
权重为:[0.7255 0.1711 0.1034]
最优值为:6402.8132
误差信息矩阵为:
[[ 1.57102098e+09 -2.93339520e+09 -2.75534617e+09]
 [-2.93339520e+09  1.14028925e+10 -7.83250871e+08]
 [-2.75534617e+09 -7.83250871e+08  2.84102309e+10]]
权重矩阵为:
        a1      a2      a3
0   0.7255  0.1711  0.1034
1   0.1034  0.7255  0.1711
2   0.1034  0.7255  0.1711
3   0.1711  0.1034  0.7255
4   0.1711  0.7255  0.1034
5   0.1711  0.7255  0.1034
6   0.1711  0.7255  0.1034
7   0.1711  0.7255  0.1034
8   0.1711  0.7255  0.1034
9   0.1711  0.7255  0.1034
10  0.1711  0.7255  0.1034
11  0.1034  0.7255  0.1711
12  0.1034  0.7255  0.1711
13  0.1034  0.7255  0.1711
14  0.1034  0.7255  0.1711
15  0.1034  0.1711  0.7255
16  0.7255  0.1034  0.1711
17  0.7255  0.1711  0.1034
18  0.1711  0.7255  0.1034
19  0.1711  0.7255  0.1034
20  0.1711  0.7255  0.1034
21  0.7255  0.1034  0.1711
22  0.1711  0.1034  0.7255
-----------2020-11-05  16:12:47----------
-----------误差极差最小进行优化----------
权重为:[0.7427 0.149  0.1083]
最优值为:12677.4794
误差信息矩阵为:
[[ 1.57102098e+09 -2.93339520e+09 -2.75534617e+09]
 [-2.93339520e+09  1.14028925e+10 -7.83250871e+08]
 [-2.75534617e+09 -7.83250871e+08  2.84102309e+10]]
权重矩阵为:
        a1      a2      a3
0   0.7427  0.1490  0.1083
1   0.1083  0.7427  0.1490
2   0.1083  0.7427  0.1490
3   0.1490  0.1083  0.7427
4   0.1490  0.7427  0.1083
5   0.1490  0.7427  0.1083
6   0.1490  0.7427  0.1083
7   0.1490  0.7427  0.1083
8   0.1490  0.7427  0.1083
9   0.1490  0.7427  0.1083
10  0.1490  0.7427  0.1083
11  0.1083  0.7427  0.1490
12  0.1083  0.7427  0.1490
13  0.1083  0.7427  0.1490
14  0.1083  0.7427  0.1490
15  0.1083  0.1490  0.7427
16  0.7427  0.1083  0.1490
17  0.7427  0.1490  0.1083
18  0.1490  0.7427  0.1083
19  0.1490  0.7427  0.1083
20  0.1490  0.7427  0.1083
21  0.7427  0.1083  0.1490
22  0.1490  0.1083  0.7427
