-----------2020-11-05  15:07:13----------
------------普通模型-----------
-----------误差平方和最小进行优化----------
权重为:[0.4685 0.5315 0.    ]
最优值为:14310532.62
误差信息矩阵为:
[[34141800.279      -3169618.6454      8578997.0638    ]
 [-3169618.6454     29718306.4386     34355045.14049999]
 [ 8578997.0638     34355045.14049999 90845952.6447    ]]
-----------2020-11-05  15:07:13----------
------------普通模型-----------
-----------绝对误差和最小进行优化----------
权重为:[ 0.7162  0.2838 -0.    ]
最优值为:10432.1339
误差信息矩阵为:
[[34141800.279      -3169618.6454      8578997.0638    ]
 [-3169618.6454     29718306.4386     34355045.14049999]
 [ 8578997.0638     34355045.14049999 90845952.6447    ]]
-----------2020-11-05  15:07:13----------
------------普通模型-----------
-----------最大偏差最小进行优化----------
权重为:[0.3544 0.634  0.0116]
最优值为:1557.3714
误差信息矩阵为:
[[34141800.279      -3169618.6454      8578997.0638    ]
 [-3169618.6454     29718306.4386     34355045.14049999]
 [ 8578997.0638     34355045.14049999 90845952.6447    ]]
-----------2020-11-05  15:07:13----------
------------普通模型-----------
-----------误差极差最小进行优化----------
权重为:[0.3623 0.63   0.0077]
最优值为:3109.9177
误差信息矩阵为:
[[34141800.279      -3169618.6454      8578997.0638    ]
 [-3169618.6454     29718306.4386     34355045.14049999]
 [ 8578997.0638     34355045.14049999 90845952.6447    ]]
